reflective: -95.0033904
previous: -74.00064132