reflective: -1.19693454e-07
previous: -11.2540158