reflective: -1.05367119e-08
previous: 0.00376374