reflective: -1.4839091e-08
previous: -8.98625065e-09