reflective: -2.89474089
previous: -99.04132712