reflective: -5.47503622e-08
previous: -5.63134875e-06