reflective: -16.26384372
previous: -4.24211714