reflective: -92.2387949
previous: -76.89840693