reflective: -2.67830909e-15
previous: -7.27929738