reflective: -3.33200094e-08
previous: -4.4362876