reflective: -3.88096614e-16
previous: -0.00413647