reflective: -89.57832195
previous: -86.40751458