reflective: -91.34908973
previous: -92.39987172