reflective: -2.4212257e-16
previous: -3.0279275e-16