reflective: -68.75839291
previous: -42.41150082