reflective: -99.11325805
previous: -95.91349297