reflective: -2.89136124
previous: -1.88208153