reflective: -98.96615083
previous: -51.75342144