reflective: -9.88515687
previous: -8.85035948